6	14	4
7	16	2
8	18	7
9	20	2
10	22	6
11	24	2
12	26	9
13	28	2
14	30	8
15	32	2
16	34	11
17	36	2
18	38	10
19	40	2
20	42	13
21	44	2
22	46	12
23	48	2
24	50	15
25	52	2
26	54	14
27	56	2
28	58	17
29	60	2
30	62	16
31	64	2
32	66	19
33	68	2
34	70	18
35	72	2
36	74	21
37	76	2
38	78	20
39	80	2
40	82	23
41	84	2
42	86	22
43	88	2
44	90	25
45	92	2
46	94	24
47	96	2
48	98	27
49	100	2
50	102	26
51	104	2
52	106	29
53	108	2
54	110	28
55	112	2
56	114	31
57	116	2
58	118	30
59	120	2
60	122	33
61	124	2
62	126	32
63	128	2
64	130	35
65	132	2
66	134	34
67	136	2
68	138	37
69	140	2
70	142	36
71	144	2
72	146	39
73	148	2
74	150	38
75	152	2
76	154	41
77	156	2
78	158	40
79	160	2
80	162	43
81	164	2
82	166	42
83	168	2
84	170	45
85	172	2
86	174	44
87	176	2
88	178	47
89	180	2
90	182	46
91	184	2
92	186	49
93	188	2
94	190	48
95	192	2
96	194	51
97	196	2
98	198	50
99	200	2
100	202	53
101	204	2
102	206	52
103	208	2
104	210	55
105	212	2
106	214	54
107	216	2
108	218	57
109	220	2
110	222	56
111	224	2
112	226	59
113	228	2
114	230	58
115	232	2
116	234	61
117	236	2
118	238	60
119	240	2
120	242	63
121	244	2
122	246	62
123	248	2
124	250	65
125	252	2
126	254	64
127	256	2
128	258	67
129	260	2
130	262	66
131	264	2
132	266	69
133	268	2
134	270	68
135	272	2
136	274	71
137	276	2
138	278	70
139	280	2
140	282	73
141	284	2
142	286	72
143	288	2
144	290	75
145	292	2
146	294	74
147	296	2
148	298	77
149	300	2
150	302	76
151	304	2
152	306	79
153	308	2
154	310	78
155	312	2
156	314	81
157	316	2
158	318	80
159	320	2
160	322	83
161	324	2
162	326	82
163	328	2
164	330	85
165	332	2
166	334	84
167	336	2
168	338	87
169	340	2
170	342	86
171	344	2
172	346	89
173	348	2
174	350	88
175	352	2
176	354	91
177	356	2
178	358	90
179	360	2
180	362	93
181	364	2
182	366	92
183	368	2
184	370	95
185	372	2
186	374	94
187	376	2
188	378	97
189	380	2
190	382	96
191	384	2
192	386	99
193	388	2
194	390	98
195	392	2
196	394	101
197	396	2
198	398	100
199	400	2
200	402	103
201	404	2
202	406	102
203	408	2
204	410	105
205	412	2
206	414	104
207	416	2
208	418	107
209	420	2
210	422	106
211	424	2
212	426	109
213	428	2
214	430	108
215	432	2
216	434	111
217	436	2
218	438	110
219	440	2
220	442	113
221	444	2
222	446	112
223	448	2
224	450	115
225	452	2
226	454	114
227	456	2
228	458	117
229	460	2
230	462	116
231	464	2
232	466	119
233	468	2
234	470	118
235	472	2
236	474	121
237	476	2
238	478	120
239	480	2
240	482	123
241	484	2
242	486	122
243	488	2
244	490	125
245	492	2
246	494	124
247	496	2
248	498	127
249	500	2
250	502	126
251	504	2
252	506	129
253	508	2
254	510	128
255	512	2
256	514	131
257	516	2
258	518	130
259	520	2
260	522	133
261	524	2
262	526	132
263	528	2
264	530	135
265	532	2
266	534	134
267	536	2
268	538	137
269	540	2
270	542	136
271	544	2
272	546	139
273	548	2
274	550	138
275	552	2
276	554	141
277	556	2
278	558	140
279	560	2
280	562	143
281	564	2
282	566	142
283	568	2
284	570	145
285	572	2
286	574	144
287	576	2
288	578	147
289	580	2
290	582	146
291	584	2
292	586	149
293	588	2
294	590	148
295	592	2
296	594	151
297	596	2
298	598	150
299	600	2
300	602	153
301	604	2
302	606	152
303	608	2
304	610	155
305	612	2
306	614	154
307	616	2
308	618	157
309	620	2
310	622	156
311	624	2
312	626	159
313	628	2
314	630	158
315	632	2
316	634	161
317	636	2
318	638	160
319	640	2
320	642	163
321	644	2
322	646	162
323	648	2
324	650	165
325	652	2
326	654	164
327	656	2
328	658	167
329	660	2
330	662	166
331	664	2
332	666	169
333	668	2
334	670	168
335	672	2
336	674	171
337	676	2
338	678	170
339	680	2
340	682	173
341	684	2
342	686	172
343	688	2
344	690	175
345	692	2
346	694	174
347	696	2
348	698	177
349	700	2
350	702	176
351	704	2
352	706	179
353	708	2
354	710	178
355	712	2
356	714	181
357	716	2
358	718	180
359	720	2
360	722	183
361	724	2
362	726	182
363	728	2
364	730	185
365	732	2
366	734	184
367	736	2
368	738	187
369	740	2
370	742	186
371	744	2
372	746	189
373	748	2
374	750	188
375	752	2
376	754	191
377	756	2
378	758	190
379	760	2
380	762	193
381	764	2
382	766	192
383	768	2
384	770	195
385	772	2
386	774	194
387	776	2
388	778	197
389	780	2
390	782	196
391	784	2
392	786	199
393	788	2
394	790	198
395	792	2
396	794	201
397	796	2
398	798	200
399	800	2
400	802	203
401	804	2
402	806	202
403	808	2
404	810	205
405	812	2
406	814	204
407	816	2
408	818	207
409	820	2
410	822	206
411	824	2
412	826	209
413	828	2
414	830	208
415	832	2
416	834	211
417	836	2
418	838	210
419	840	2
420	842	213
421	844	2
422	846	212
423	848	2
424	850	215
425	852	2
426	854	214
427	856	2
428	858	217
429	860	2
430	862	216
431	864	2
432	866	219
433	868	2
434	870	218
435	872	2
436	874	221
437	876	2
438	878	220
439	880	2
440	882	223
441	884	2
442	886	222
443	888	2
444	890	225
445	892	2
446	894	224
447	896	2
448	898	227
449	900	2
450	902	226
451	904	2
452	906	229
453	908	2
454	910	228
455	912	2
456	914	231
457	916	2
458	918	230
459	920	2
460	922	233
461	924	2
462	926	232
463	928	2
464	930	235
465	932	2
466	934	234
467	936	2
468	938	237
469	940	2
470	942	236
471	944	2
472	946	239
473	948	2
474	950	238
475	952	2
476	954	241
477	956	2
478	958	240
479	960	2
480	962	243
481	964	2
482	966	242
483	968	2
484	970	245
485	972	2
486	974	244
487	976	2
488	978	247
489	980	2
490	982	246
491	984	2
492	986	249
493	988	2
494	990	248
495	992	2
496	994	251
497	996	2
498	998	250
499	1000	2
500	1002	253
501	1004	2
502	1006	252
503	1008	2
504	1010	255
505	1012	2
506	1014	254
507	1016	2
508	1018	257
509	1020	2
510	1022	256
511	1024	2
512	1026	259
